3
3
180
If Your Happy And You Know It




19
0
0
19
0
2
14
1
2
14
2
0
14
2
2
14
3
0
14
3
2
15
4
0
14
4
2
12
9
2
12
10
0
12
10
2
12
11
0
12
11
2
12
12
2
10
16
0
10
16
2
9
17
2
9
18
0
9
18
2
17
19
0
17
19
2
9
20
2
10
21
0
10
21
2
10
22
0
14
23
2
10
24
0
10
24
2
12
25
0
12
25
2
12
26
0
14
26
2
15
27
0
15
27
2
17
28
0
15
28
2
14
1
0
19
2
0
19
4
0
12
5
0
15
5
0
19
8
0
19
8
2
12
9
0
15
9
0
15
9
2
15
10
0
15
10
2
15
11
0
15
11
2
14
12
0
15
12
2
10
13
0
14
13
0
19
13
0
14
16
0
19
16
0
14
16
2
19
16
2
9
17
0
14
17
0
17
17
0
14
17
2
17
17
2
14
18
0
17
18
0
14
18
2
9
20
0
12
20
0
14
21
0
14
22
0
12
22
2
14
23
0
17
23
0
17
24
0
15
26
0
19
27
0
19
28
0
14
29
0
17
25
0
