1
3
180
Itsy Bitsy Spider




19
0
0
14
1
2
14
2
0
12
2
2
10
3
0
10
4
0
10
4
2
12
5
0
14
5
2
12
6
0
14
7
0
10
9
0
10
10
0
7
11
0
9
10
2
9
13
0
10
13
2
9
14
0
7
14
2
10
15
0
14
18
0
12
18
2
10
19
0
10
20
0
12
21
0
14
21
2
12
22
0
14
23
0
19
24
0
19
24
2
14
25
0
14
25
2
14
26
0
12
26
2
10
27
0
10
28
0
10
28
2
12
29
0
14
29
2
12
30
0
10
30
2
14
31
0
14
1
0
15
2
2
14
3
0
14
4
0
14
4
2
19
5
0
19
6
0
10
6
2
19
6
2
14
9
0
14
10
0
10
11
0
7
12
2
10
12
2
14
15
0
19
15
0
14
17
0
19
17
0
19
18
0
15
18
2
14
19
0
14
20
0
19
21
0
19
22
0
10
22
2
15
22
2
19
26
0
15
26
2
14
27
0
14
28
0
19
29
0
15
30
0
19
31
0
