3
3
130
Take Me Out To The Ball Game




19
0
0
10
1
0
12
1
1
15
1
2
12
2
0
17
3
0
19
4
0
10
8
0
14
9
1
12
9
2
14
10
2
17
11
0
10
12
0
10
12
2
8
13
1
7
13
2
10
8
2
15
9
0
8
14
1
10
14
2
12
15
0
15
15
1
17
15
2
19
16
0
7
4
2
10
5
0
12
5
1
15
5
2
12
6
0
12
18
0
15
20
2
15
21
0
14
21
1
12
21
2
10
22
0
10
23
1
8
23
2
7
24
0
8
26
1
10
26
2
12
27
0
10
28
0
10
8
1
15
27
1
12
27
2
7
0
2
15
0
2
15
4
2
17
6
0
15
8
0
19
8
0
10
10
0
14
10
0
17
10
0
19
12
0
12
14
0
5
14
0
17
14
0
17
15
0
19
13
0
10
13
0
7
16
2
12
16
2
10
17
0
15
17
0
12
17
1
17
17
1
15
17
2
19
17
2
17
19
0
15
18
0
15
20
0
19
20
0
19
20
2
19
21
0
17
21
1
15
21
2
14
22
0
14
24
0
19
24
0
7
25
0
14
25
0
17
25
0
7
26
0
12
26
0
15
26
0
19
27
0
15
27
2
14
28
0
8
29
0
12
29
0
14
29
0
17
29
0
7
30
0
12
30
0
15
30
0
19
30
0
