4
4
100
Angels We Have Heard On High




15
0
1
15
0
2
12
1
0
14
1
1.5
15
1
2
15
2
0
17
2
1
15
2
2
15
4
1
15
4
2
12
4
3
12
5
0
14
5
1.5
15
5
2
17
6
1
17
7
1.5
19
7
2
12
8
2.5
14
8
3
15
8
3.5
14
9
2.5
15
9
3
17
9
3.5
15
10
2.5
17
10
3
19
10
3.5
17
11
0
19
12
0
17
12
1
15
12
2
12
14
2.5
15
14
3.5
17
17
1.5
17
17
2
15
0
0
19
0
0
19
0
2
12
0
3
17
1
0
19
1
2
19
2
2
12
2
3
15
3
0
17
3
1.5
19
3
2
15
4
0
19
4
0
19
4
2
17
5
0
19
5
2
15
6
0
15
6
2
17
6
3
12
6
3
15
7
0
12
8
0
15
8
0
10
8
2
14
8
2
19
8
0
14
9
0
17
9
0
12
9
2
15
9
2
15
10
0
14
10
2
17
10
2
17
11
1.5
17
11
2
19
12
2
17
12
3
14
12
3
15
13
0
17
13
2
10
14
2
14
14
2
14
14
3
15
14
2.5
17
14
3
15
14
0
12
14
0
15
14
1
17
14
1.5
14
15
0
19
15
0
12
15
2
15
15
2
14
15
2.5
15
15
3
17
15
3.5
15
16
0
19
16
0
14
16
2
15
16
2.5
17
16
2
19
16
2.5
17
16
3
19
16
3.5
17
17
0
19
18
0
17
18
1
15
18
2
14
18
3
15
19
0
19
19
0
17
19
2
19
19
3
