1
3
200
Ants Go Marching




19
0
0
14
1
2
14
2
0
11
3
0
12
3
2
11
4
0
14
4
2
19
6
2
16
7
0
19
8
2
14
9
2
14
10
0
12
10
2
12
11
2
11
12
0
7
13
0
11
14
2
11
16
2
7
17
0
7
17
2
7
18
0
9
18
1
11
18
2
9
19
2
12
20
2
11
21
2
11
22
0
12
23
2
12
24
0
11
27
0
14
31
0
14
33
0
14
35
0
19
30
1
19
30
2
19
32
1
19
32
2
19
34
0
19
34
2
14
1
0
19
1
0
19
1
2
19
2
0
12
2
2
15
2
2
14
3
0
15
3
2
14
4
0
16
5
0
19
5
0
14
9
0
19
9
0
19
10
0
11
11
0
14
11
0
14
12
0
9
12
2
15
12
2
14
13
0
14
15
0
7
15
0
14
17
0
14
18
0
9
19
0
12
19
0
12
19
2
11
21
0
14
21
2
14
22
0
15
23
2
19
20
0
9
20
0
15
20
0
14
21
0
19
21
0
19
22
0
14
22
2
12
23
0
15
23
0
19
23
0
19
24
0
15
24
1
11
24
1
9
24
2
14
24
2
7
25
0
12
25
0
9
26
0
12
26
0
14
27
0
12
28
0
15
28
0
19
28
0
14
29
0
