1
3
90
Away In A Manger




19
0
0
14
1
0
14
1
1
12
1
2
10
1
2.5
14
2
1
9
2
2.5
7
3
0
7
3
1
9
5
1
10
6
1
14
6
2
10
6
2.5
19
8
2
9
10
2.5
7
11
0
7
11
1
9
13
1
10
14
1
14
14
2
10
14
2.5
14
16
0
19
1
0
19
1
1
15
1
2
14
2
0
19
2
0
10
2
2
14
2
2
12
2
2.5
10
3
0
5
3
2
12
4
0
12
3
1
9
4
0
12
4
2
10
4
2.5
9
5
0
12
5
0
14
5
1
15
5
2
12
5
2
7
5
2
10
6
0
12
6
0
14
6
1
12
7
0
17
7
1
14
7
2
15
8
0
19
8
0
14
9
0
14
9
1
19
9
1
12
9
2
10
9
2.5
15
9
2.5
14
10
0
14
10
1
10
10
2
14
10
2
12
10
2.5
10
11
0
10
11
1
12
11
1.5
10
11
2
5
11
2
9
12
0
12
12
0
17
12
0
12
12
2
10
12
2.5
9
13
0
12
13
0
14
13
1
12
13
2
15
13
2
7
13
2
10
14
0
12
14
0
14
14
1
12
15
0
15
15
0
17
15
1
15
15
2
19
16
0
