4
4
150
Deck The Halls




13
0
2
15
1
1
13
1
2
17
1
3
15
2
0
13
2
0.5
12
2
1
15
2
1.5
13
2
2
12
4
1.5
13
4
2
15
4
3
17
5
0
15
5
1
13
5
2
17
5
3
15
6
0
13
6
0.5
12
6
1
15
6
1.5
13
6
2
15
6
3.5
17
7
0
18
7
1
17
7
2
13
8
1.5
12
8
2
12
9
1.5
15
12
3
15
13
1
17
13
3
8
14
0.5
8
14
1
8
14
1.5
10
14
2
12
14
0.5
12
14
1
12
14
1.5
13
14
2
13
15
0
17
15
0
15
15
1
17
15
2
10
0
0
13
0
0
12
0
1.5
15
0
1.5
17
0
2
15
0
3
17
1
0
18
0
3
18
1
1
17
1
2
18
2
1
17
2
2
15
2
3.5
17
3
0
18
3
1
17
3
2
10
4
0
13
4
0
18
5
1
17
5
2
18
6
0
18
6
1
17
6
2
15
8
0
18
8
0
17
8
1.5
15
8
2
15
8
3
17
9
0
13
9
0
15
9
1.5
13
9
2
10
9
2
15
9
3
13
10
0
10
11
2
15
11
2
18
11
2
10
12
0
13
12
0
17
12
0
12
12
1.5
13
12
2
17
12
2
18
12
3
17
13
0
18
13
1
13
13
2
8
14
0
12
14
0
17
14
0
17
14
1
17
14
0.5
17
14
1.5
17
14
2
12
14
3.5
15
14
3.5
17
10
0
12
10
0.5
10
10
1
15
10
1
13
10
2
8
10
2
6
10
2.5
5
10
3
8
10
3
13
10
3
17
10
3
6
11
0
10
11
0
15
11
0
18
11
0
8
11
1
15
11
1
17
11
1
