4
4
150
Frosty The Snowman




15
0
2
14
0
3.5
12
1
0
8
3
3
7
3
3.5
10
4
3
17
14
3
19
15
0
12
0
0
15
0
0
19
0
0
15
1
0
19
1
0
7
1
1
12
1
1
15
1
1
8
1
3
7
1
3.5
5
2
0
10
2
0
14
2
0
7
2
1
8
2
2
14
2
2
17
2
2
10
2
3
12
3
0
15
3
0
19
3
0
5
4
0
10
4
0
14
4
0
7
4
1
8
4
2
17
4
2
12
5
0
15
5
0
7
5
0.5
15
5
2
19
5
2
12
5
3
10
5
3.5
12
6
0
17
6
0
14
6
1
15
6
2
14
6
3
17
7
0
12
7
0
15
8
0
12
8
0
15
8
2
14
8
3.5
12
9
0
7
9
1
12
9
1
15
9
1
8
9
3
7
9
3.5
5
10
0
10
10
0
14
10
0
7
10
1
8
10
2
12
10
2
17
10
2
10
10
3
15
11
0
19
11
0
12
11
0
8
11
3
7
11
3.5
5
12
0
10
12
0
14
12
0
7
12
1
12
12
2
8
12
2
10
12
3
15
12
3
10
12
3.5
19
13
0
15
13
0
12
13
0
7
13
0.5
15
13
2
19
13
2
12
13
3
10
13
3.5
12
14
0
17
14
0
14
14
1
15
14
2
