1
4
150
God Rest Ye Merry Gentlemen




15
7
1
10
8
3
14
11
3
10
13
3
14
14
2
17
0
0
17
1
0
22
1
0
10
1
2
22
1
2
22
2
0
22
2
2
21
3
0
21
3
2
22
5
0
22
5
2
22
6
0
22
6
2
21
7
2
22
8
0
10
1
1
12
1
3
14
2
0
15
2
1
17
2
2
19
2
3
17
3
0
15
3
1
14
3
2
17
3
2
12
3
3
17
3
3
15
4
0
10
4
0
22
4
0
17
4
3
17
5
0
10
5
1
10
5
2
17
5
2
12
5
3
17
6
0
14
6
0
15
6
1
17
6
2
19
6
3
17
7
0
21
7
0
19
7
1
14
7
2
17
7
2
12
7
3
15
7
3
17
8
0
10
8
0
17
1
2
17
2
0
9
9
0
12
9
0
17
9
0
12
9
1
17
9
1
21
9
1
10
9
2
15
9
2
19
9
2
9
9
3
12
9
3
17
9
3
7
10
0
10
10
0
15
10
0
5
10
1
10
10
1
14
10
1
10
10
2
14
10
2
17
10
2
12
10
3
19
10
3
22
11
0
14
11
0
17
11
0
17
11
1
15
11
2
19
11
2
17
11
3
19
12
0
21
12
0
15
12
0
12
12
0
14
12
2
12
12
3
10
13
0
14
13
0
9
13
2
14
13
2
14
13
3
10
14
0
17
14
0
12
14
1
22
14
2
15
14
3
19
14
3
17
15
0
22
15
2
14
15
2
15
15
2.5
17
15
3
12
16
0
19
16
0
14
16
2
12
16
3
10
17
0
14
17
0
19
17
0
9
17
1
12
17
1
17
17
1
7
17
2
10
17
2
14
17
2
5
17
3
10
17
3
14
17
3
10
18
0
14
18
0
17
18
0
12
18
1
15
18
1
19
18
1
14
18
2
17
18
2
22
18
2
15
18
3
22
18
3
17
19
0
