4
4
100
Good King Wenceslas




14
0
1
14
0
2
12
0
3
14
1
0
14
1
1
19
1
2
17
2
0
19
2
1
17
2
2
14
3
2
14
4
1
14
4
2
12
4
3
14
5
0
14
5
1
19
5
2
17
6
0
19
6
1
17
6
2
15
6
3
14
7
0
14
7
2
12
9
1
14
9
2
17
10
0
19
10
1
17
10
2
15
10
3
14
11
0
14
11
2
19
12
0
19
12
1
17
12
2
15
12
3
14
0
0
19
0
0
19
0
2
15
2
3
14
3
0
14
4
0
19
4
0
19
4
1
19
4
2
19
0
1
19
1
0
19
5
0
12
8
0
15
8
0
14
8
1
17
8
1
14
8
2
19
8
2
15
8
3
19
8
3
7
8
0
9
8
1
10
8
2
12
8
3
15
9
1
10
9
0
17
9
0
14
9
0
19
9
2
14
13
0
19
13
0
14
13
1
12
13
2
15
13
2
19
13
2
7
14
0
10
14
0
14
14
0
9
14
1
14
14
1
17
14
1
10
14
2
14
14
2
19
14
2
17
14
3
12
14
3
14
15
0
19
15
0
14
15
2
17
15
2
9
15
2
14
16
0
19
16
0
