4
4
200
Joy To The World




8
0
2
10
0
3.5
12
1
0
15
2
0
17
2
2
19
3
0
12
3
3
10
4
3
8
5
0
8
5
3
7
7
3
8
8
1
10
8
2
12
8
3
12
9
0
14
9
1.5
15
9
2
7
9
3
7
10
0
8
10
1
10
10
2
12
10
3
12
11
0
14
11
1.5
15
11
2
15
11
3
15
12
0
15
12
1
15
12
2
15
12
3
14
12
3.5
12
13
0
14
13
3
15
13
3.5
17
14
3
15
14
3.5
14
15
0
15
15
3
17
15
3.5
19
16
0
14
17
3
15
18
0
17
18
2
19
19
0
7
0
0
19
0
0
19
1
0
15
0
0
12
0
0
14
1
3
19
2
0
10
4
0
14
4
0
17
4
3
12
5
0
14
5
3
7
6
0
15
6
0
12
6
0
19
8
0
19
9
0
19
12
0
19
12
1
19
12
2
19
12
3
17
12
3.5
15
13
0
19
10
0
19
11
0
7
8
0
15
8
0
12
8
0
15
10
0
12
10
0
17
14
0
17
14
1
17
14
2
19
14
3.5
17
15
0
19
15
3
7
16
1
15
16
1
12
16
1
10
16
3
14
16
3
19
16
3
12
17
0
15
17
0
19
17
0
14
17
1.5
17
17
1.5
15
17
2
19
18
0
