4
4
110
O Canada




12
0
3.5
19
1
0
15
2
0
12
2
2
10
2
3
13
4
3.5
12
5
0
8
6
0
8
6
1
10
6
2
10
6
3
15
8
1.5
15
8
3
14
8
3.5
14
9
1.5
15
9
2
14
9
3
12
9
3.5
17
11
3
15
12
1.5
17
12
2
15
12
3
14
12
3.5
12
13
0
14
13
1.5
15
13
2
15
13
3
12
14
2
13
14
2.5
15
14
3
13
14
3.5
12
15
0
12
16
3.5
10
18
3.5
17
19
0
11
20
3.5
17
21
3
17
22
2
15
23
0
20
26
2
19
27
0
15
0
0
19
0
0
12
0
2
17
0
2
17
1
3
20
1
3
19
2
0
14
2
1
17
2
1
15
2
2
14
2
3
17
3
0
20
3
0
15
4
0
19
4
0
13
4
2
17
4
2
17
4
3.5
20
5
0
10
5
3
13
5
3
12
6
0
12
6
1
15
6
2
13
6
3
12
7
0
17
7
0
20
7
0
17
7
3
15
7
3.5
14
8
0
17
8
0
17
8
2
20
8
2
19
9
0
12
9
0
15
9
0
19
9
2
10
10
0
14
10
0
19
10
0
12
10
1
14
10
2
17
10
2
15
10
3
17
11
0
20
11
0
20
11
3
15
11
3.5
14
12
0
20
12
1.5
20
12
0
19
13
0
15
13
0
19
13
2
19
13
3
17
14
0
12
14
1
17
15
0
20
15
0
15
16
0
19
16
0
12
16
2
17
16
2
19
17
0
14
18
0
17
18
0
10
18
2
17
18
2
20
19
0
12
20
0
15
20
0
11
20
2
15
20
2
15
20
3.5
10
21
0
14
21
0
19
21
0
14
21
1
15
21
2
19
22
0
20
22
2
19
23
0
12
24
0
15
24
0
19
24
0
7
24
2
12
24
2
15
24
2
7
24
3.5
12
24
3.5
15
24
3.5
10
25
0
14
25
0
19
25
0
14
25
1
15
25
2
17
25
3
12
26
0
15
26
0
19
26
0
