4
4
100
Twinkle Twinkle Little Star




19
0
0
19
0
1
12
0
2
15
0
2
12
0
3
15
0
3
10
1
0
14
1
0
10
1
1
14
1
1
12
1
2
15
1
2
14
2
0
17
2
0
14
2
1
17
2
1
15
2
2
19
2
2
15
2
3
19
2
3
17
3
0
17
3
1
19
3
2
12
4
0
15
4
0
12
4
1
15
4
1
14
4
2
15
5
0
19
5
0
15
5
1
19
5
1
17
5
2
12
6
0
15
6
0
12
6
1
15
6
1
14
6
2
17
6
2
17
4
2
15
7
0
19
7
0
15
7
1
19
7
1
17
7
2
14
4
3
17
4
3
14
6
3
17
6
3
19
8
0
19
8
1
15
8
2
15
8
3
14
9
0
14
9
1
15
9
2
12
8
2
12
8
3
10
9
0
10
9
1
12
9
2
14
10
0
17
10
0
14
10
1
17
10
1
15
10
2
19
10
2
15
10
3
19
10
3
17
11
0
17
11
1
19
11
2
