4
4
130
Yankee Doodle




12
0
1
10
0
2
12
1
0
8
1
1
10
1
2
12
2
1
10
2
2
8
2
3
12
3
0
10
4
2
8
5
1
12
5
3
13
6
0
17
6
1
12
7
2
15
8
2
15
9
0
13
9
1
12
9
2
17
10
0
15
10
1.5
17
10
2
19
10
3
20
11
0
15
12
2
15
13
3
10
14
3
12
15
2
12
0
0
17
0
0
13
0
2
8
0
3
17
1
2
13
1
2
12
2
0
13
2
2
17
3
0
13
3
2
17
3
2
12
4
0
12
4
1
13
4
2
12
4
3
8
4
3
19
5
0
15
5
0
12
5
0
7
5
0
10
5
2
15
5
2
19
5
2
17
6
0
15
6
2
19
6
2
13
6
3
20
7
2
20
7
0
17
7
0
12
7
0
17
7
2
15
8
0
19
8
0
13
8
1.5
17
8
1.5
19
8
2
17
8
3
19
9
0
20
9
2
17
9
2
20
10
0
19
10
1.5
20
10
2
17
11
2
20
11
2
15
12
0
19
12
0
17
12
1.5
13
12
1.5
19
12
2
17
12
3
15
13
0
19
13
0
13
13
1
17
14
0
12
14
1
13
14
2
17
14
2
19
14
2
20
15
0
17
15
0
12
15
0
17
15
2
20
15
2
19
6
1
17
13
2
12
13
2
20
13
2
